[10, 60, 7.0, 10, 25, 1, 1, 1, 1, 0, 0, 0, 0, 0]  Hora__16_42_28__Fecha__18-02-21
[10, 60, 7.0, 10, 25, 1, 1, 1, 1, 0, 0, 0, 0, 0]  Hora__16_42_28__Fecha__18-02-21
[10, 60, 7.0, 10, 26, 1, 1, 1, 1, 0, 0, 0, 0, 0]  Hora__16_42_38__Fecha__18-02-21
[10, 60, 7.0, 10, 26, 1, 1, 1, 1, 0, 0, 0, 0, 0]  Hora__16_42_39__Fecha__18-02-21
[10, 60, 7.0, 10, 26, 1, 1, 1, 1, 0, 0, 0, 0, 0]  Hora__16_42_39__Fecha__18-02-21
[10, 60, 7.0, 10, 26, 1, 1, 1, 1, 0, 0, 0, 0, 0]  Hora__16_42_40__Fecha__18-02-21
[10, 60, 7.0, 10, 28, 1, 1, 1, 1, 0, 0, 0, 0, 0]  Hora__16_42_44__Fecha__18-02-21
[10, 60, 7.0, 10, 30, 1, 1, 1, 1, 0, 0, 0, 0, 0]  Hora__16_42_56__Fecha__18-02-21
[10, 60, 7.0, 10, 30, 1, 1, 1, 1, 1, 0, 0, 0, 0]  Hora__16_43_43__Fecha__18-02-21
[10, 60, 7.0, 10, 30, 1, 1, 1, 1, 0, 0, 0, 0, 0]  Hora__16_45_02__Fecha__18-02-21
[10, 60, 7.0, 10, 26, 1, 1, 1, 1, 0, 0, 0, 0, 0]  Hora__16_45_16__Fecha__18-02-21
[10, 60, 7.0, 10, 26, 1, 1, 1, 1, 0, 0, 0, 0, 0]  Hora__16_45_16__Fecha__18-02-21
[10, 60, 7.0, 10, 26, 1, 1, 1, 1, 1, 0, 0, 0, 0]  Hora__16_45_28__Fecha__18-02-21
